cluster 0:
number of points in cluster = 29
[32.30452983 30.39328682 26.9095717 ]
[29.88635144 28.42378979 30.13541958]
[31.41014476 26.64011609 33.99995127]
[28.40166261 29.99290876 31.02518927]
[29.66427827 30.65011486 29.57617415]
[27.72509654 29.38759197 31.65594929]
[28.44178609 29.66296012 31.14741844]
[31.48651714 29.80896829 29.38896202]
[31.54520668 29.43298535 29.85451224]
[30.96752128 27.96099865 30.42075504]
[29.58787518 30.08431088 27.19087878]
[33.95938105 29.23546907 31.05064016]
[30.56133015 29.85377459 32.32067714]
[26.58656947 27.33609667 26.47862288]
[27.82446698 30.18630078 27.53698213]
[32.22876595 28.82695212 27.52629325]
[33.47476935 30.99400602 32.27383796]
[30.40366036 27.88576093 31.08431455]
[31.1818055  30.39275995 30.52821442]
[33.25095666 28.50930775 30.84907394]
[32.21055575 31.36581132 34.80658512]
[30.52799694 29.82563463 30.58106936]
[31.98677116 29.78532685 34.8849834 ]
[29.8172419  32.79801997 32.46692729]
[28.71733167 31.8898348  30.15050877]
[33.88515712 30.11443663 25.75220397]
[30.92971026 30.87633269 32.24465664]
[33.68525037 32.90285852 28.7639263 ]
[32.24857821 29.78001702 30.01709789]
cluster 1:
number of points in cluster = 40
[18.90050765 17.19425457 23.1655046 ]
[17.90970634 15.27306279 22.2706907 ]
[19.23189129 21.7716588  21.26380374]
[21.45995119 20.74598758 21.06762182]
[19.8160534  18.73778334 18.18531329]
[17.92218815 17.88348688 21.31256816]
[24.08405749 20.89504138 21.36676846]
[20.04577195 20.21617323 22.03052584]
[21.05295662 22.49659957 18.48465172]
[20.76122161 18.50446728 17.36464499]
[19.61202082 23.14826294 21.51380094]
[18.94575147 19.20146366 20.36213483]
[17.06341553 20.08310555 20.05366298]
[18.71774801 20.24364254 22.25896782]
[19.09366279 21.20830728 24.77041163]
[22.54751186 23.9342035  16.28403627]
[21.04115267 17.71131722 21.60372206]
[20.03481882 17.75596254 18.96581108]
[18.00594634 20.1795442  22.01436122]
[17.45488249 20.62709544 21.00636963]
[22.58645177 23.53520191 18.42445252]
[19.08069652 20.4269489  19.5277486 ]
[20.45571506 17.94207903 21.21388066]
[21.75167786 20.74863781 16.30089769]
[20.64356494 22.68263566 20.28335037]
[18.59920299 19.5932111  20.48533888]
[15.8055188  19.10273873 20.94111919]
[17.20284354 20.25137966 17.75018878]
[19.00357287 19.37803004 19.99621703]
[19.47007864 22.21456446 17.30252696]
[21.171324   18.40821392 21.44046498]
[20.15434788 18.24543696 18.26442555]
[20.44511133 19.8133898  22.07311185]
[19.23902842 20.0227454  17.46239225]
[21.64916925 21.30916031 19.8976231 ]
[18.68265491 22.34845483 21.03706366]
[23.38123485 19.40507529 19.49480041]
[20.10089907 20.5699592  18.77069965]
[20.50786733 21.6644563  19.59854475]
[19.39442827 20.20120145 21.93069051]
cluster 2:
number of points in cluster = 31
[12.92421587  5.87971858  9.35516559]
[ 9.14709982 12.76281461 10.19674102]
[ 9.26108503  8.29989525 11.92164001]
[12.31392655 13.31960435 11.48408832]
[11.2786098  10.09505211  8.93507681]
[ 9.47161327 11.69258893 14.173465  ]
[12.66582015 11.02585964  9.40381433]
[12.02778486  8.52313764 10.51541334]
[9.4697092  9.65415656 6.23299855]
[13.21591424 11.36967298  8.80907934]
[13.08581863  9.10453662  6.44461533]
[ 6.41632953  9.18389568 10.20460439]
[10.13793961 10.94648278  8.69928996]
[ 9.75223334 11.43855027 12.46879897]
[12.47232806  7.81343054  9.77495568]
[12.82896545  7.16671    11.34702691]
[8.45541115 8.52908572 9.47829578]
[10.0931346  12.35644489  8.18643099]
[10.4656646  10.31078653 11.18745031]
[7.29888457 8.31490258 8.96030709]
[11.55429304 10.18070236  9.62680505]
[10.73898543  7.13900277 11.7088858 ]
[ 7.20675915 10.00595799  9.46450729]
[10.73266403  7.91082124 14.10234689]
[11.59005219  9.25112336 10.26809639]
[12.40410972 12.64486153 11.96631746]
[10.87322554 10.07644328 12.980154  ]
[12.14505491  9.83098395  9.40527623]
[ 9.9102161  10.33072631 10.05508872]
[ 8.18265234  8.51656298 11.27731741]
[13.25075547 11.86888894 13.22705896]
